0.00000 2.00000
0.01000 2.04966
0.02000 2.09865
0.03000 2.14697
0.04000 2.19461
0.05000 2.24159
0.06000 2.28790
0.07000 2.33355
0.08000 2.37854
0.09000 2.42287
0.10000 2.46655
0.11000 2.50957
0.12000 2.55194
0.13000 2.59366
0.14000 2.63474
0.15000 2.67517
0.16000 2.71496
0.17000 2.75410
0.18000 2.79262
0.19000 2.83049
0.20000 2.86773
0.21000 2.90435
0.22000 2.94033
0.23000 2.97569
0.24000 3.01042
0.25000 3.04453
0.26000 3.07802
0.27000 3.11090
0.28000 3.14316
0.29000 3.17481
0.30000 3.20585
0.31000 3.23628
0.32000 3.26611
0.33000 3.29533
0.34000 3.32395
0.35000 3.35198
0.36000 3.37940
0.37000 3.40624
0.38000 3.43248
0.39000 3.45813
0.40000 3.48320
0.41000 3.50768
0.42000 3.53158
0.43000 3.55490
0.44000 3.57764
0.45000 3.59981
0.46000 3.62140
0.47000 3.64242
0.48000 3.66287
0.49000 3.68276
0.50000 3.70208
0.51000 3.72084
0.52000 3.73905
0.53000 3.75669
0.54000 3.77378
0.55000 3.79032
0.56000 3.80631
0.57000 3.82175
0.58000 3.83664
0.59000 3.85099
0.60000 3.86480
0.61000 3.87807
0.62000 3.89081
0.63000 3.90301
0.64000 3.91468
0.65000 3.92581
0.66000 3.93643
0.67000 3.94651
0.68000 3.95608
0.69000 3.96512
0.70000 3.97365
0.71000 3.98166
0.72000 3.98916
0.73000 3.99614
0.74000 4.00262
0.75000 4.00859
0.76000 4.01406
0.77000 4.01903
0.78000 4.02349
0.79000 4.02746
0.80000 4.03093
0.81000 4.03391
0.82000 4.03640
0.83000 4.03841
0.84000 4.03992
0.85000 4.04096
0.86000 4.04151
0.87000 4.04158
0.88000 4.04118
0.89000 4.04030
0.90000 4.03895
0.91000 4.03713
0.92000 4.03484
0.93000 4.03209
0.94000 4.02888
0.95000 4.02520
0.96000 4.02107
0.97000 4.01648
0.98000 4.01144
0.99000 4.00594
1.00000 4.00000
1.01000 3.99361
1.02000 3.98676
1.03000 3.97946
1.04000 3.97169
1.05000 3.96345
1.06000 3.95473
1.07000 3.94552
1.08000 3.93583
1.09000 3.92563
1.10000 3.91493
1.11000 3.90372
1.12000 3.89200
1.13000 3.87975
1.14000 3.86697
1.15000 3.85365
1.16000 3.83979
1.17000 3.82538
1.18000 3.81042
1.19000 3.79489
1.20000 3.77880
1.21000 3.76213
1.22000 3.74488
1.23000 3.72705
1.24000 3.70861
1.25000 3.68958
1.26000 3.66995
1.27000 3.64969
1.28000 3.62882
1.29000 3.60733
1.30000 3.58520
1.31000 3.56243
1.32000 3.53902
1.33000 3.51496
1.34000 3.49024
1.35000 3.46485
1.36000 3.43879
1.37000 3.41206
1.38000 3.38464
1.39000 3.35654
1.40000 3.32773
1.41000 3.29823
1.42000 3.26801
1.43000 3.23708
1.44000 3.20543
1.45000 3.17305
1.46000 3.13993
1.47000 3.10608
1.48000 3.07148
1.49000 3.03612
1.50000 3.00000
1.51000 2.96312
1.52000 2.92552
1.53000 2.88722
1.54000 2.84827
1.55000 2.80870
1.56000 2.76855
1.57000 2.72787
1.58000 2.68668
1.59000 2.64502
1.60000 2.60293
1.61000 2.56046
1.62000 2.51763
1.63000 2.47448
1.64000 2.43106
1.65000 2.38740
1.66000 2.34353
1.67000 2.29950
1.68000 2.25535
1.69000 2.21110
1.70000 2.16680
1.71000 2.12249
1.72000 2.07819
1.73000 2.03396
1.74000 1.98983
1.75000 1.94583
1.76000 1.90201
1.77000 1.85840
1.78000 1.81503
1.79000 1.77195
1.80000 1.72920
1.81000 1.68681
1.82000 1.64481
1.83000 1.60326
1.84000 1.56217
1.85000 1.52160
1.86000 1.48158
1.87000 1.44214
1.88000 1.40333
1.89000 1.36518
1.90000 1.32773
1.91000 1.29102
1.92000 1.25508
1.93000 1.21996
1.94000 1.18569
1.95000 1.15230
1.96000 1.11984
1.97000 1.08834
1.98000 1.05784
1.99000 1.02838
2.00000 1.00000
2.01000 0.97272
2.02000 0.94655
2.03000 0.92146
2.04000 0.89746
2.05000 0.87453
2.06000 0.85265
2.07000 0.83183
2.08000 0.81205
2.09000 0.79329
2.10000 0.77555
2.11000 0.75882
2.12000 0.74308
2.13000 0.72833
2.14000 0.71455
2.15000 0.70173
2.16000 0.68987
2.17000 0.67895
2.18000 0.66896
2.19000 0.65989
2.20000 0.65173
2.21000 0.64447
2.22000 0.63810
2.23000 0.63261
2.24000 0.62799
2.25000 0.62422
2.26000 0.62130
2.27000 0.61921
2.28000 0.61795
2.29000 0.61750
2.30000 0.61785
2.31000 0.61900
2.32000 0.62092
2.33000 0.62362
2.34000 0.62708
2.35000 0.63129
2.36000 0.63624
2.37000 0.64191
2.38000 0.64830
2.39000 0.65540
2.40000 0.66320
2.41000 0.67168
2.42000 0.68084
2.43000 0.69066
2.44000 0.70113
2.45000 0.71224
2.46000 0.72399
2.47000 0.73636
2.48000 0.74934
2.49000 0.76292
2.50000 0.77708
2.51000 0.79183
2.52000 0.80714
2.53000 0.82301
2.54000 0.83943
2.55000 0.85638
2.56000 0.87386
2.57000 0.89185
2.58000 0.91034
2.59000 0.92933
2.60000 0.94880
2.61000 0.96874
2.62000 0.98914
2.63000 1.00999
2.64000 1.03128
2.65000 1.05300
2.66000 1.07514
2.67000 1.09768
2.68000 1.12062
2.69000 1.14395
2.70000 1.16765
2.71000 1.19172
2.72000 1.21613
2.73000 1.24090
2.74000 1.26599
2.75000 1.29141
2.76000 1.31713
2.77000 1.34316
2.78000 1.36948
2.79000 1.39607
2.80000 1.42293
2.81000 1.45005
2.82000 1.47742
2.83000 1.50502
2.84000 1.53285
2.85000 1.56089
2.86000 1.58914
2.87000 1.61758
2.88000 1.64620
2.89000 1.67500
2.90000 1.70395
2.91000 1.73306
2.92000 1.76230
2.93000 1.79167
2.94000 1.82117
2.95000 1.85076
2.96000 1.88046
2.97000 1.91024
2.98000 1.94010
2.99000 1.97002
3.00000 2.00000
