0.00000 0.99550
0.01000 1.01022
0.02000 1.02469
0.03000 1.03890
0.04000 1.05286
0.05000 1.06657
0.06000 1.08003
0.07000 1.09323
0.08000 1.10619
0.09000 1.11891
0.10000 1.13137
0.11000 1.14360
0.12000 1.15558
0.13000 1.16731
0.14000 1.17881
0.15000 1.19007
0.16000 1.20109
0.17000 1.21187
0.18000 1.22242
0.19000 1.23274
0.20000 1.24282
0.21000 1.25267
0.22000 1.26229
0.23000 1.27168
0.24000 1.28084
0.25000 1.28977
0.26000 1.29848
0.27000 1.30697
0.28000 1.31524
0.29000 1.32328
0.30000 1.33110
0.31000 1.33870
0.32000 1.34609
0.33000 1.35326
0.34000 1.36021
0.35000 1.36695
0.36000 1.37348
0.37000 1.37979
0.38000 1.38590
0.39000 1.39179
0.40000 1.39748
0.41000 1.40296
0.42000 1.40824
0.43000 1.41331
0.44000 1.41818
0.45000 1.42284
0.46000 1.42731
0.47000 1.43158
0.48000 1.43565
0.49000 1.43952
0.50000 1.44320
0.51000 1.44668
0.52000 1.44997
0.53000 1.45307
0.54000 1.45597
0.55000 1.45869
0.56000 1.46122
0.57000 1.46356
0.58000 1.46572
0.59000 1.46769
0.60000 1.46948
0.61000 1.47109
0.62000 1.47251
0.63000 1.47376
0.64000 1.47482
0.65000 1.47571
0.66000 1.47643
0.67000 1.47696
0.68000 1.47733
0.69000 1.47752
0.70000 1.47754
0.71000 1.47739
0.72000 1.47707
0.73000 1.47658
0.74000 1.47593
0.75000 1.47511
0.76000 1.47413
0.77000 1.47298
0.78000 1.47167
0.79000 1.47020
0.80000 1.46858
0.81000 1.46679
0.82000 1.46484
0.83000 1.46274
0.84000 1.46049
0.85000 1.45808
0.86000 1.45552
0.87000 1.45280
0.88000 1.44994
0.89000 1.44693
0.90000 1.44377
0.91000 1.44046
0.92000 1.43701
0.93000 1.43341
0.94000 1.42967
0.95000 1.42579
0.96000 1.42176
0.97000 1.41760
0.98000 1.41330
0.99000 1.40886
1.00000 1.40428
1.01000 1.39957
1.02000 1.39472
1.03000 1.38975
1.04000 1.38464
1.05000 1.37939
1.06000 1.37402
1.07000 1.36853
1.08000 1.36290
1.09000 1.35715
1.10000 1.35127
1.11000 1.34527
1.12000 1.33915
1.13000 1.33290
1.14000 1.32653
1.15000 1.32005
1.16000 1.31344
1.17000 1.30672
1.18000 1.29989
1.19000 1.29294
1.20000 1.28587
1.21000 1.27869
1.22000 1.27140
1.23000 1.26400
1.24000 1.25649
1.25000 1.24888
1.26000 1.24115
1.27000 1.23332
1.28000 1.22539
1.29000 1.21735
1.30000 1.20920
1.31000 1.20096
1.32000 1.19262
1.33000 1.18417
1.34000 1.17563
1.35000 1.16699
1.36000 1.15826
1.37000 1.14943
1.38000 1.14050
1.39000 1.13149
1.40000 1.12238
1.41000 1.11318
1.42000 1.10389
1.43000 1.09451
1.44000 1.08505
1.45000 1.07550
1.46000 1.06586
1.47000 1.05614
1.48000 1.04634
1.49000 1.03645
1.50000 1.02648
1.51000 1.01644
1.52000 1.00631
1.53000 0.99611
1.54000 0.98583
1.55000 0.97547
1.56000 0.96504
1.57000 0.95454
1.58000 0.94396
1.59000 0.93331
1.60000 0.92260
1.61000 0.91181
1.62000 0.90095
1.63000 0.89003
1.64000 0.87904
1.65000 0.86799
1.66000 0.85687
1.67000 0.84569
1.68000 0.83445
1.69000 0.82314
1.70000 0.81178
1.71000 0.80036
1.72000 0.78888
1.73000 0.77734
1.74000 0.76575
1.75000 0.75410
1.76000 0.74240
1.77000 0.73064
1.78000 0.71884
1.79000 0.70698
1.80000 0.69508
1.81000 0.68312
1.82000 0.67112
1.83000 0.65907
1.84000 0.64698
1.85000 0.63484
1.86000 0.62266
1.87000 0.61044
1.88000 0.59817
1.89000 0.58587
1.90000 0.57352
1.91000 0.56114
1.92000 0.54872
1.93000 0.53626
1.94000 0.52377
1.95000 0.51125
1.96000 0.49869
1.97000 0.48609
1.98000 0.47347
1.99000 0.46082
2.00000 0.44813
2.01000 0.43542
2.02000 0.42269
2.03000 0.40992
2.04000 0.39713
2.05000 0.38432
2.06000 0.37148
2.07000 0.35862
2.08000 0.34574
2.09000 0.33283
2.10000 0.31991
2.11000 0.30697
2.12000 0.29401
2.13000 0.28104
2.14000 0.26805
2.15000 0.25505
2.16000 0.24203
2.17000 0.22900
2.18000 0.21595
2.19000 0.20290
2.20000 0.18984
2.21000 0.17677
2.22000 0.16369
2.23000 0.15060
2.24000 0.13751
2.25000 0.12441
2.26000 0.11131
2.27000 0.09821
2.28000 0.08510
2.29000 0.07200
2.30000 0.05889
2.31000 0.04579
2.32000 0.03268
2.33000 0.01958
2.34000 0.00648
2.35000 -0.00661
2.36000 -0.01970
2.37000 -0.03278
2.38000 -0.04586
2.39000 -0.05892
2.40000 -0.07198
2.41000 -0.08502
2.42000 -0.09806
2.43000 -0.11108
2.44000 -0.12409
2.45000 -0.13709
2.46000 -0.15007
2.47000 -0.16303
2.48000 -0.17598
2.49000 -0.18891
2.50000 -0.20183
2.51000 -0.21472
2.52000 -0.22759
2.53000 -0.24044
2.54000 -0.25327
2.55000 -0.26608
2.56000 -0.27886
2.57000 -0.29161
2.58000 -0.30435
2.59000 -0.31705
2.60000 -0.32973
2.61000 -0.34237
2.62000 -0.35499
2.63000 -0.36758
2.64000 -0.38014
2.65000 -0.39266
2.66000 -0.40515
2.67000 -0.41761
2.68000 -0.43003
2.69000 -0.44242
2.70000 -0.45477
2.71000 -0.46708
2.72000 -0.47935
2.73000 -0.49159
2.74000 -0.50378
2.75000 -0.51594
2.76000 -0.52805
2.77000 -0.54012
2.78000 -0.55214
2.79000 -0.56412
2.80000 -0.57606
2.81000 -0.58794
2.82000 -0.59978
2.83000 -0.61158
2.84000 -0.62332
2.85000 -0.63502
2.86000 -0.64666
2.87000 -0.65825
2.88000 -0.66979
2.89000 -0.68128
2.90000 -0.69271
2.91000 -0.70408
2.92000 -0.71540
2.93000 -0.72667
2.94000 -0.73788
2.95000 -0.74902
2.96000 -0.76011
2.97000 -0.77114
2.98000 -0.78211
2.99000 -0.79301
3.00000 -0.80386
3.01000 -0.81464
3.02000 -0.82535
3.03000 -0.83600
3.04000 -0.84659
3.05000 -0.85710
3.06000 -0.86755
3.07000 -0.87793
3.08000 -0.88824
3.09000 -0.89848
3.10000 -0.90865
3.11000 -0.91875
3.12000 -0.92878
3.13000 -0.93873
3.14000 -0.94861
3.15000 -0.95841
3.16000 -0.96813
3.17000 -0.97778
3.18000 -0.98735
3.19000 -0.99685
3.20000 -1.00626
3.21000 -1.01560
3.22000 -1.02485
3.23000 -1.03402
3.24000 -1.04311
3.25000 -1.05211
3.26000 -1.06103
3.27000 -1.06987
3.28000 -1.07862
3.29000 -1.08728
3.30000 -1.09586
3.31000 -1.10435
3.32000 -1.11275
3.33000 -1.12106
3.34000 -1.12927
3.35000 -1.13740
3.36000 -1.14544
3.37000 -1.15338
3.38000 -1.16123
3.39000 -1.16898
3.40000 -1.17664
3.41000 -1.18420
3.42000 -1.19167
3.43000 -1.19904
3.44000 -1.20631
3.45000 -1.21348
3.46000 -1.22055
3.47000 -1.22752
3.48000 -1.23439
3.49000 -1.24115
3.50000 -1.24782
3.51000 -1.25437
3.52000 -1.26083
3.53000 -1.26718
3.54000 -1.27342
3.55000 -1.27956
3.56000 -1.28559
3.57000 -1.29151
3.58000 -1.29732
3.59000 -1.30302
3.60000 -1.30861
3.61000 -1.31409
3.62000 -1.31945
3.63000 -1.32471
3.64000 -1.32985
3.65000 -1.33487
3.66000 -1.33978
3.67000 -1.34458
3.68000 -1.34925
3.69000 -1.35381
3.70000 -1.35826
3.71000 -1.36258
3.72000 -1.36678
3.73000 -1.37087
3.74000 -1.37483
3.75000 -1.37867
3.76000 -1.38238
3.77000 -1.38598
3.78000 -1.38945
3.79000 -1.39279
3.80000 -1.39601
3.81000 -1.39911
3.82000 -1.40207
3.83000 -1.40491
3.84000 -1.40762
3.85000 -1.41021
3.86000 -1.41266
3.87000 -1.41498
3.88000 -1.41717
3.89000 -1.41923
3.90000 -1.42115
3.91000 -1.42294
3.92000 -1.42460
3.93000 -1.42613
3.94000 -1.42751
3.95000 -1.42876
3.96000 -1.42988
3.97000 -1.43086
3.98000 -1.43169
3.99000 -1.43239
4.00000 -1.43295
4.01000 -1.43337
4.02000 -1.43365
4.03000 -1.43379
4.04000 -1.43378
4.05000 -1.43363
4.06000 -1.43334
4.07000 -1.43290
4.08000 -1.43232
4.09000 -1.43159
4.10000 -1.43072
4.11000 -1.42970
4.12000 -1.42853
4.13000 -1.42721
4.14000 -1.42574
4.15000 -1.42412
4.16000 -1.42235
4.17000 -1.42043
4.18000 -1.41836
4.19000 -1.41614
4.20000 -1.41376
4.21000 -1.41123
4.22000 -1.40854
4.23000 -1.40570
4.24000 -1.40270
4.25000 -1.39955
4.26000 -1.39624
4.27000 -1.39277
4.28000 -1.38914
4.29000 -1.38536
4.30000 -1.38141
4.31000 -1.37730
4.32000 -1.37303
4.33000 -1.36860
4.34000 -1.36401
4.35000 -1.35926
4.36000 -1.35434
4.37000 -1.34925
4.38000 -1.34400
4.39000 -1.33859
4.40000 -1.33301
4.41000 -1.32726
4.42000 -1.32135
4.43000 -1.31526
4.44000 -1.30901
4.45000 -1.30259
4.46000 -1.29600
4.47000 -1.28924
4.48000 -1.28230
4.49000 -1.27520
4.50000 -1.26792
4.51000 -1.26047
4.52000 -1.25284
4.53000 -1.24505
4.54000 -1.23707
4.55000 -1.22892
4.56000 -1.22059
4.57000 -1.21209
4.58000 -1.20341
4.59000 -1.19455
4.60000 -1.18552
4.61000 -1.17630
4.62000 -1.16690
4.63000 -1.15733
4.64000 -1.14757
4.65000 -1.13763
4.66000 -1.12751
4.67000 -1.11720
4.68000 -1.10671
4.69000 -1.09604
4.70000 -1.08519
4.71000 -1.07414
4.72000 -1.06292
4.73000 -1.05150
4.74000 -1.03990
4.75000 -1.02811
4.76000 -1.01613
4.77000 -1.00397
4.78000 -0.99161
4.79000 -0.97907
4.80000 -0.96633
4.81000 -0.95341
4.82000 -0.94029
4.83000 -0.92698
4.84000 -0.91348
4.85000 -0.89978
4.86000 -0.88589
4.87000 -0.87181
4.88000 -0.85753
4.89000 -0.84305
4.90000 -0.82838
4.91000 -0.81351
4.92000 -0.79845
4.93000 -0.78319
4.94000 -0.76772
4.95000 -0.75206
4.96000 -0.73620
4.97000 -0.72014
4.98000 -0.70388
4.99000 -0.68742
5.00000 -0.67076
