0.00000 1.00000
0.01000 1.00954
0.02000 1.01901
0.03000 1.02840
0.04000 1.03770
0.05000 1.04692
0.06000 1.05606
0.07000 1.06511
0.08000 1.07408
0.09000 1.08295
0.10000 1.09173
0.11000 1.10042
0.12000 1.10902
0.13000 1.11752
0.14000 1.12592
0.15000 1.13423
0.16000 1.14243
0.17000 1.15054
0.18000 1.15854
0.19000 1.16644
0.20000 1.17423
0.21000 1.18191
0.22000 1.18949
0.23000 1.19696
0.24000 1.20432
0.25000 1.21156
0.26000 1.21869
0.27000 1.22571
0.28000 1.23262
0.29000 1.23941
0.30000 1.24608
0.31000 1.25263
0.32000 1.25907
0.33000 1.26538
0.34000 1.27157
0.35000 1.27764
0.36000 1.28359
0.37000 1.28941
0.38000 1.29511
0.39000 1.30068
0.40000 1.30613
0.41000 1.31144
0.42000 1.31663
0.43000 1.32169
0.44000 1.32663
0.45000 1.33143
0.46000 1.33610
0.47000 1.34063
0.48000 1.34504
0.49000 1.34931
0.50000 1.35345
0.51000 1.35745
0.52000 1.36132
0.53000 1.36505
0.54000 1.36865
0.55000 1.37211
0.56000 1.37543
0.57000 1.37861
0.58000 1.38166
0.59000 1.38457
0.60000 1.38734
0.61000 1.38997
0.62000 1.39246
0.63000 1.39481
0.64000 1.39702
0.65000 1.39909
0.66000 1.40102
0.67000 1.40280
0.68000 1.40445
0.69000 1.40595
0.70000 1.40731
0.71000 1.40853
0.72000 1.40961
0.73000 1.41054
0.74000 1.41133
0.75000 1.41198
0.76000 1.41249
0.77000 1.41285
0.78000 1.41307
0.79000 1.41315
0.80000 1.41308
0.81000 1.41287
0.82000 1.41252
0.83000 1.41202
0.84000 1.41138
0.85000 1.41060
0.86000 1.40967
0.87000 1.40860
0.88000 1.40739
0.89000 1.40604
0.90000 1.40454
0.91000 1.40290
0.92000 1.40112
0.93000 1.39920
0.94000 1.39713
0.95000 1.39492
0.96000 1.39258
0.97000 1.39009
0.98000 1.38746
0.99000 1.38468
1.00000 1.38177
1.01000 1.37872
1.02000 1.37553
1.03000 1.37220
1.04000 1.36873
1.05000 1.36512
1.06000 1.36138
1.07000 1.35749
1.08000 1.35347
1.09000 1.34932
1.10000 1.34502
1.11000 1.34059
1.12000 1.33603
1.13000 1.33133
1.14000 1.32649
1.15000 1.32152
1.16000 1.31642
1.17000 1.31118
1.18000 1.30582
1.19000 1.30032
1.20000 1.29469
1.21000 1.28893
1.22000 1.28304
1.23000 1.27702
1.24000 1.27087
1.25000 1.26459
1.26000 1.25819
1.27000 1.25166
1.28000 1.24500
1.29000 1.23822
1.30000 1.23131
1.31000 1.22428
1.32000 1.21713
1.33000 1.20985
1.34000 1.20246
1.35000 1.19494
1.36000 1.18730
1.37000 1.17955
1.38000 1.17167
1.39000 1.16368
1.40000 1.15557
1.41000 1.14735
1.42000 1.13901
1.43000 1.13055
1.44000 1.12199
1.45000 1.11331
1.46000 1.10452
1.47000 1.09562
1.48000 1.08661
1.49000 1.07749
1.50000 1.06826
1.51000 1.05893
1.52000 1.04949
1.53000 1.03995
1.54000 1.03030
1.55000 1.02055
1.56000 1.01070
1.57000 1.00075
1.58000 0.99069
1.59000 0.98054
1.60000 0.97029
1.61000 0.95995
1.62000 0.94951
1.63000 0.93897
1.64000 0.92834
1.65000 0.91762
1.66000 0.90681
1.67000 0.89591
1.68000 0.88492
1.69000 0.87384
1.70000 0.86267
1.71000 0.85142
1.72000 0.84008
1.73000 0.82866
1.74000 0.81716
1.75000 0.80557
1.76000 0.79391
1.77000 0.78217
1.78000 0.77035
1.79000 0.75845
1.80000 0.74648
1.81000 0.73444
1.82000 0.72232
1.83000 0.71013
1.84000 0.69787
1.85000 0.68554
1.86000 0.67314
1.87000 0.66068
1.88000 0.64815
1.89000 0.63555
1.90000 0.62290
1.91000 0.61018
1.92000 0.59740
1.93000 0.58456
1.94000 0.57167
1.95000 0.55872
1.96000 0.54571
1.97000 0.53265
1.98000 0.51953
1.99000 0.50637
2.00000 0.49315
2.01000 0.47989
2.02000 0.46657
2.03000 0.45322
2.04000 0.43981
2.05000 0.42637
2.06000 0.41288
2.07000 0.39935
2.08000 0.38578
2.09000 0.37217
2.10000 0.35853
2.11000 0.34485
2.12000 0.33113
2.13000 0.31738
2.14000 0.30361
2.15000 0.28980
2.16000 0.27596
2.17000 0.26210
2.18000 0.24820
2.19000 0.23429
2.20000 0.22035
2.21000 0.20639
2.22000 0.19241
2.23000 0.17841
2.24000 0.16439
2.25000 0.15035
2.26000 0.13630
2.27000 0.12224
2.28000 0.10816
2.29000 0.09408
2.30000 0.07998
2.31000 0.06588
2.32000 0.05176
2.33000 0.03765
2.34000 0.02353
2.35000 0.00940
2.36000 -0.00472
2.37000 -0.01885
2.38000 -0.03297
2.39000 -0.04709
2.40000 -0.06121
2.41000 -0.07532
2.42000 -0.08942
2.43000 -0.10351
2.44000 -0.11760
2.45000 -0.13167
2.46000 -0.14573
2.47000 -0.15978
2.48000 -0.17381
2.49000 -0.18783
2.50000 -0.20183
2.51000 -0.21580
2.52000 -0.22976
2.53000 -0.24369
2.54000 -0.25760
2.55000 -0.27149
2.56000 -0.28535
2.57000 -0.29918
2.58000 -0.31298
2.59000 -0.32676
2.60000 -0.34050
2.61000 -0.35420
2.62000 -0.36788
2.63000 -0.38151
2.64000 -0.39511
2.65000 -0.40868
2.66000 -0.42220
2.67000 -0.43568
2.68000 -0.44912
2.69000 -0.46251
2.70000 -0.47586
2.71000 -0.48916
2.72000 -0.50241
2.73000 -0.51562
2.74000 -0.52877
2.75000 -0.54188
2.76000 -0.55492
2.77000 -0.56792
2.78000 -0.58086
2.79000 -0.59374
2.80000 -0.60657
2.81000 -0.61933
2.82000 -0.63203
2.83000 -0.64468
2.84000 -0.65725
2.85000 -0.66977
2.86000 -0.68221
2.87000 -0.69460
2.88000 -0.70691
2.89000 -0.71915
2.90000 -0.73132
2.91000 -0.74342
2.92000 -0.75545
2.93000 -0.76740
2.94000 -0.77927
2.95000 -0.79107
2.96000 -0.80279
2.97000 -0.81444
2.98000 -0.82600
2.99000 -0.83748
3.00000 -0.84887
3.01000 -0.86018
3.02000 -0.87141
3.03000 -0.88255
3.04000 -0.89361
3.05000 -0.90457
3.06000 -0.91545
3.07000 -0.92623
3.08000 -0.93692
3.09000 -0.94752
3.10000 -0.95803
3.11000 -0.96844
3.12000 -0.97875
3.13000 -0.98897
3.14000 -0.99908
3.15000 -1.00910
3.16000 -1.01902
3.17000 -1.02884
3.18000 -1.03855
3.19000 -1.04816
3.20000 -1.05767
3.21000 -1.06706
3.22000 -1.07636
3.23000 -1.08554
3.24000 -1.09462
3.25000 -1.10359
3.26000 -1.11245
3.27000 -1.12119
3.28000 -1.12982
3.29000 -1.13834
3.30000 -1.14675
3.31000 -1.15504
3.32000 -1.16322
3.33000 -1.17127
3.34000 -1.17921
3.35000 -1.18704
3.36000 -1.19474
3.37000 -1.20232
3.38000 -1.20978
3.39000 -1.21712
3.40000 -1.22434
3.41000 -1.23143
3.42000 -1.23840
3.43000 -1.24525
3.44000 -1.25196
3.45000 -1.25856
3.46000 -1.26502
3.47000 -1.27136
3.48000 -1.27757
3.49000 -1.28365
3.50000 -1.28960
3.51000 -1.29541
3.52000 -1.30110
3.53000 -1.30666
3.54000 -1.31208
3.55000 -1.31737
3.56000 -1.32253
3.57000 -1.32755
3.58000 -1.33243
3.59000 -1.33719
3.60000 -1.34180
3.61000 -1.34628
3.62000 -1.35062
3.63000 -1.35483
3.64000 -1.35889
3.65000 -1.36282
3.66000 -1.36661
3.67000 -1.37026
3.68000 -1.37377
3.69000 -1.37713
3.70000 -1.38036
3.71000 -1.38345
3.72000 -1.38640
3.73000 -1.38920
3.74000 -1.39186
3.75000 -1.39438
3.76000 -1.39676
3.77000 -1.39899
3.78000 -1.40108
3.79000 -1.40303
3.80000 -1.40483
3.81000 -1.40649
3.82000 -1.40800
3.83000 -1.40937
3.84000 -1.41060
3.85000 -1.41168
3.86000 -1.41261
3.87000 -1.41340
3.88000 -1.41405
3.89000 -1.41455
3.90000 -1.41490
3.91000 -1.41511
3.92000 -1.41518
3.93000 -1.41509
3.94000 -1.41487
3.95000 -1.41449
3.96000 -1.41397
3.97000 -1.41331
3.98000 -1.41250
3.99000 -1.41155
4.00000 -1.41045
4.01000 -1.40920
4.02000 -1.40781
4.03000 -1.40628
4.04000 -1.40460
4.05000 -1.40277
4.06000 -1.40080
4.07000 -1.39869
4.08000 -1.39644
4.09000 -1.39404
4.10000 -1.39149
4.11000 -1.38881
4.12000 -1.38598
4.13000 -1.38301
4.14000 -1.37990
4.15000 -1.37664
4.16000 -1.37325
4.17000 -1.36971
4.18000 -1.36604
4.19000 -1.36222
4.20000 -1.35827
4.21000 -1.35417
4.22000 -1.34994
4.23000 -1.34557
4.24000 -1.34106
4.25000 -1.33642
4.26000 -1.33164
4.27000 -1.32673
4.28000 -1.32168
4.29000 -1.31650
4.30000 -1.31118
4.31000 -1.30573
4.32000 -1.30015
4.33000 -1.29444
4.34000 -1.28860
4.35000 -1.28263
4.36000 -1.27653
4.37000 -1.27031
4.38000 -1.26395
4.39000 -1.25747
4.40000 -1.25087
4.41000 -1.24414
4.42000 -1.23729
4.43000 -1.23032
4.44000 -1.22322
4.45000 -1.21601
4.46000 -1.20867
4.47000 -1.20122
4.48000 -1.19365
4.49000 -1.18597
4.50000 -1.17817
4.51000 -1.17026
4.52000 -1.16224
4.53000 -1.15410
4.54000 -1.14586
4.55000 -1.13750
4.56000 -1.12904
4.57000 -1.12048
4.58000 -1.11181
4.59000 -1.10304
4.60000 -1.09416
4.61000 -1.08519
4.62000 -1.07612
4.63000 -1.06695
4.64000 -1.05768
4.65000 -1.04832
4.66000 -1.03887
4.67000 -1.02932
4.68000 -1.01969
4.69000 -1.00997
4.70000 -1.00016
4.71000 -0.99027
4.72000 -0.98030
4.73000 -0.97024
4.74000 -0.96011
4.75000 -0.94990
4.76000 -0.93961
4.77000 -0.92925
4.78000 -0.91882
4.79000 -0.90832
4.80000 -0.89774
4.81000 -0.88711
4.82000 -0.87641
4.83000 -0.86564
4.84000 -0.85482
4.85000 -0.84394
4.86000 -0.83300
4.87000 -0.82201
4.88000 -0.81097
4.89000 -0.79988
4.90000 -0.78874
4.91000 -0.77756
4.92000 -0.76633
4.93000 -0.75506
4.94000 -0.74376
4.95000 -0.73242
4.96000 -0.72104
4.97000 -0.70964
4.98000 -0.69820
4.99000 -0.68675
5.00000 -0.67526
