0.00000 1.00000
0.01000 1.00680
0.02000 1.01360
0.03000 1.02039
0.04000 1.02718
0.05000 1.03396
0.06000 1.04073
0.07000 1.04750
0.08000 1.05425
0.09000 1.06098
0.10000 1.06770
0.11000 1.07440
0.12000 1.08108
0.13000 1.08774
0.14000 1.09438
0.15000 1.10099
0.16000 1.10758
0.17000 1.11413
0.18000 1.12066
0.19000 1.12715
0.20000 1.13361
0.21000 1.14003
0.22000 1.14642
0.23000 1.15277
0.24000 1.15907
0.25000 1.16534
0.26000 1.17155
0.27000 1.17773
0.28000 1.18385
0.29000 1.18992
0.30000 1.19594
0.31000 1.20191
0.32000 1.20782
0.33000 1.21368
0.34000 1.21947
0.35000 1.22521
0.36000 1.23088
0.37000 1.23649
0.38000 1.24203
0.39000 1.24750
0.40000 1.25291
0.41000 1.25824
0.42000 1.26350
0.43000 1.26868
0.44000 1.27379
0.45000 1.27882
0.46000 1.28377
0.47000 1.28863
0.48000 1.29341
0.49000 1.29811
0.50000 1.30272
0.51000 1.30723
0.52000 1.31166
0.53000 1.31599
0.54000 1.32023
0.55000 1.32438
0.56000 1.32842
0.57000 1.33236
0.58000 1.33621
0.59000 1.33994
0.60000 1.34358
0.61000 1.34710
0.62000 1.35052
0.63000 1.35382
0.64000 1.35702
0.65000 1.36009
0.66000 1.36305
0.67000 1.36590
0.68000 1.36862
0.69000 1.37122
0.70000 1.37370
0.71000 1.37606
0.72000 1.37828
0.73000 1.38038
0.74000 1.38235
0.75000 1.38418
0.76000 1.38588
0.77000 1.38744
0.78000 1.38887
0.79000 1.39016
0.80000 1.39130
0.81000 1.39231
0.82000 1.39316
0.83000 1.39387
0.84000 1.39444
0.85000 1.39485
0.86000 1.39511
0.87000 1.39521
0.88000 1.39516
0.89000 1.39496
0.90000 1.39459
0.91000 1.39406
0.92000 1.39337
0.93000 1.39252
0.94000 1.39150
0.95000 1.39031
0.96000 1.38895
0.97000 1.38742
0.98000 1.38571
0.99000 1.38383
1.00000 1.38177
1.01000 1.37954
1.02000 1.37712
1.03000 1.37453
1.04000 1.37177
1.05000 1.36883
1.06000 1.36572
1.07000 1.36244
1.08000 1.35899
1.09000 1.35537
1.10000 1.35158
1.11000 1.34763
1.12000 1.34351
1.13000 1.33923
1.14000 1.33479
1.15000 1.33019
1.16000 1.32543
1.17000 1.32051
1.18000 1.31544
1.19000 1.31021
1.20000 1.30482
1.21000 1.29929
1.22000 1.29360
1.23000 1.28776
1.24000 1.28178
1.25000 1.27565
1.26000 1.26937
1.27000 1.26294
1.28000 1.25638
1.29000 1.24967
1.30000 1.24282
1.31000 1.23583
1.32000 1.22871
1.33000 1.22144
1.34000 1.21405
1.35000 1.20652
1.36000 1.19885
1.37000 1.19106
1.38000 1.18313
1.39000 1.17508
1.40000 1.16690
1.41000 1.15859
1.42000 1.15016
1.43000 1.14160
1.44000 1.13292
1.45000 1.12413
1.46000 1.11521
1.47000 1.10617
1.48000 1.09702
1.49000 1.08776
1.50000 1.07837
1.51000 1.06888
1.52000 1.05928
1.53000 1.04956
1.54000 1.03974
1.55000 1.02980
1.56000 1.01977
1.57000 1.00962
1.58000 0.99938
1.59000 0.98903
1.60000 0.97858
1.61000 0.96803
1.62000 0.95738
1.63000 0.94664
1.64000 0.93580
1.65000 0.92487
1.66000 0.91384
1.67000 0.90273
1.68000 0.89152
1.69000 0.88022
1.70000 0.86884
1.71000 0.85737
1.72000 0.84581
1.73000 0.83417
1.74000 0.82245
1.75000 0.81065
1.76000 0.79877
1.77000 0.78681
1.78000 0.77477
1.79000 0.76266
1.80000 0.75047
1.81000 0.73821
1.82000 0.72588
1.83000 0.71347
1.84000 0.70100
1.85000 0.68846
1.86000 0.67586
1.87000 0.66319
1.88000 0.65045
1.89000 0.63766
1.90000 0.62480
1.91000 0.61188
1.92000 0.59890
1.93000 0.58587
1.94000 0.57278
1.95000 0.55964
1.96000 0.54644
1.97000 0.53319
1.98000 0.51989
1.99000 0.50655
2.00000 0.49315
2.01000 0.47971
2.02000 0.46622
2.03000 0.45269
2.04000 0.43912
2.05000 0.42550
2.06000 0.41185
2.07000 0.39815
2.08000 0.38442
2.09000 0.37066
2.10000 0.35686
2.11000 0.34303
2.12000 0.32917
2.13000 0.31528
2.14000 0.30136
2.15000 0.28741
2.16000 0.27344
2.17000 0.25944
2.18000 0.24542
2.19000 0.23138
2.20000 0.21732
2.21000 0.20323
2.22000 0.18914
2.23000 0.17502
2.24000 0.16090
2.25000 0.14676
2.26000 0.13260
2.27000 0.11844
2.28000 0.10427
2.29000 0.09009
2.30000 0.07591
2.31000 0.06172
2.32000 0.04752
2.33000 0.03333
2.34000 0.01913
2.35000 0.00494
2.36000 -0.00925
2.37000 -0.02344
2.38000 -0.03762
2.39000 -0.05180
2.40000 -0.06597
2.41000 -0.08013
2.42000 -0.09428
2.43000 -0.10841
2.44000 -0.12254
2.45000 -0.13665
2.46000 -0.15074
2.47000 -0.16481
2.48000 -0.17887
2.49000 -0.19290
2.50000 -0.20692
2.51000 -0.22091
2.52000 -0.23487
2.53000 -0.24881
2.54000 -0.26272
2.55000 -0.27661
2.56000 -0.29046
2.57000 -0.30428
2.58000 -0.31807
2.59000 -0.33182
2.60000 -0.34554
2.61000 -0.35922
2.62000 -0.37286
2.63000 -0.38646
2.64000 -0.40002
2.65000 -0.41354
2.66000 -0.42702
2.67000 -0.44044
2.68000 -0.45383
2.69000 -0.46716
2.70000 -0.48044
2.71000 -0.49367
2.72000 -0.50685
2.73000 -0.51998
2.74000 -0.53305
2.75000 -0.54606
2.76000 -0.55902
2.77000 -0.57191
2.78000 -0.58475
2.79000 -0.59752
2.80000 -0.61023
2.81000 -0.62287
2.82000 -0.63545
2.83000 -0.64796
2.84000 -0.66040
2.85000 -0.67277
2.86000 -0.68506
2.87000 -0.69729
2.88000 -0.70944
2.89000 -0.72151
2.90000 -0.73350
2.91000 -0.74542
2.92000 -0.75725
2.93000 -0.76901
2.94000 -0.78068
2.95000 -0.79226
2.96000 -0.80376
2.97000 -0.81518
2.98000 -0.82650
2.99000 -0.83773
3.00000 -0.84887
3.01000 -0.85992
3.02000 -0.87088
3.03000 -0.88174
3.04000 -0.89250
3.05000 -0.90317
3.06000 -0.91375
3.07000 -0.92423
3.08000 -0.93461
3.09000 -0.94490
3.10000 -0.95509
3.11000 -0.96518
3.12000 -0.97517
3.13000 -0.98507
3.14000 -0.99486
3.15000 -1.00455
3.16000 -1.01415
3.17000 -1.02364
3.18000 -1.03303
3.19000 -1.04232
3.20000 -1.05151
3.21000 -1.06059
3.22000 -1.06957
3.23000 -1.07845
3.24000 -1.08722
3.25000 -1.09588
3.26000 -1.10445
3.27000 -1.11290
3.28000 -1.12125
3.29000 -1.12949
3.30000 -1.13763
3.31000 -1.14565
3.32000 -1.15357
3.33000 -1.16138
3.34000 -1.16908
3.35000 -1.17667
3.36000 -1.18415
3.37000 -1.19152
3.38000 -1.19878
3.39000 -1.20592
3.40000 -1.21296
3.41000 -1.21988
3.42000 -1.22668
3.43000 -1.23337
3.44000 -1.23995
3.45000 -1.24642
3.46000 -1.25276
3.47000 -1.25900
3.48000 -1.26511
3.49000 -1.27111
3.50000 -1.27699
3.51000 -1.28276
3.52000 -1.28840
3.53000 -1.29393
3.54000 -1.29934
3.55000 -1.30462
3.56000 -1.30979
3.57000 -1.31484
3.58000 -1.31976
3.59000 -1.32456
3.60000 -1.32925
3.61000 -1.33380
3.62000 -1.33824
3.63000 -1.34255
3.64000 -1.34673
3.65000 -1.35080
3.66000 -1.35473
3.67000 -1.35854
3.68000 -1.36223
3.69000 -1.36578
3.70000 -1.36921
3.71000 -1.37251
3.72000 -1.37569
3.73000 -1.37873
3.74000 -1.38165
3.75000 -1.38444
3.76000 -1.38709
3.77000 -1.38962
3.78000 -1.39201
3.79000 -1.39427
3.80000 -1.39640
3.81000 -1.39840
3.82000 -1.40026
3.83000 -1.40199
3.84000 -1.40359
3.85000 -1.40505
3.86000 -1.40637
3.87000 -1.40756
3.88000 -1.40861
3.89000 -1.40953
3.90000 -1.41031
3.91000 -1.41095
3.92000 -1.41146
3.93000 -1.41182
3.94000 -1.41205
3.95000 -1.41213
3.96000 -1.41208
3.97000 -1.41188
3.98000 -1.41154
3.99000 -1.41107
4.00000 -1.41045
4.01000 -1.40968
4.02000 -1.40878
4.03000 -1.40773
4.04000 -1.40654
4.05000 -1.40521
4.06000 -1.40374
4.07000 -1.40212
4.08000 -1.40037
4.09000 -1.39848
4.10000 -1.39644
4.11000 -1.39427
4.12000 -1.39195
4.13000 -1.38950
4.14000 -1.38691
4.15000 -1.38418
4.16000 -1.38131
4.17000 -1.37830
4.18000 -1.37515
4.19000 -1.37187
4.20000 -1.36845
4.21000 -1.36489
4.22000 -1.36120
4.23000 -1.35737
4.24000 -1.35340
4.25000 -1.34930
4.26000 -1.34506
4.27000 -1.34069
4.28000 -1.33618
4.29000 -1.33154
4.30000 -1.32676
4.31000 -1.32185
4.32000 -1.31680
4.33000 -1.31162
4.34000 -1.30631
4.35000 -1.30086
4.36000 -1.29529
4.37000 -1.28958
4.38000 -1.28373
4.39000 -1.27776
4.40000 -1.27165
4.41000 -1.26541
4.42000 -1.25905
4.43000 -1.25255
4.44000 -1.24592
4.45000 -1.23916
4.46000 -1.23227
4.47000 -1.22525
4.48000 -1.21810
4.49000 -1.21082
4.50000 -1.20341
4.51000 -1.19588
4.52000 -1.18822
4.53000 -1.18043
4.54000 -1.17251
4.55000 -1.16446
4.56000 -1.15629
4.57000 -1.14799
4.58000 -1.13956
4.59000 -1.13101
4.60000 -1.12233
4.61000 -1.11353
4.62000 -1.10460
4.63000 -1.09555
4.64000 -1.08637
4.65000 -1.07706
4.66000 -1.06764
4.67000 -1.05809
4.68000 -1.04841
4.69000 -1.03861
4.70000 -1.02869
4.71000 -1.01865
4.72000 -1.00848
4.73000 -0.99819
4.74000 -0.98778
4.75000 -0.97725
4.76000 -0.96660
4.77000 -0.95582
4.78000 -0.94493
4.79000 -0.93391
4.80000 -0.92278
4.81000 -0.91152
4.82000 -0.90014
4.83000 -0.88865
4.84000 -0.87704
4.85000 -0.86530
4.86000 -0.85345
4.87000 -0.84148
4.88000 -0.82940
4.89000 -0.81719
4.90000 -0.80487
4.91000 -0.79243
4.92000 -0.77988
4.93000 -0.76720
4.94000 -0.75442
4.95000 -0.74151
4.96000 -0.72849
4.97000 -0.71536
4.98000 -0.70211
4.99000 -0.68874
5.00000 -0.67526
