-1.00000 0.00000
-0.96000 0.02000
-0.92000 0.03999
-0.88000 0.05999
-0.84000 0.07999
-0.80000 0.09998
-0.76000 0.11998
-0.72000 0.13998
-0.68000 0.15997
-0.64000 0.17997
-0.60000 0.19997
-0.56000 0.21997
-0.52000 0.23996
-0.48000 0.25996
-0.44000 0.27996
-0.40000 0.29996
-0.36000 0.31996
-0.32000 0.33996
-0.28000 0.35995
-0.24000 0.37995
-0.20000 0.39995
-0.16000 0.41995
-0.12000 0.43995
-0.08000 0.45995
-0.04000 0.47995
0.00000 0.49995
0.04000 0.47995
0.08000 0.45995
0.12000 0.43995
0.16000 0.41995
0.20000 0.39995
0.24000 0.37995
0.28000 0.35996
0.32000 0.33996
0.36000 0.31996
0.40000 0.29996
0.44000 0.27996
0.48000 0.25996
0.52000 0.23997
0.56000 0.21997
0.60000 0.19997
0.64000 0.17997
0.68000 0.15998
0.72000 0.13998
0.76000 0.11998
0.80000 0.09999
0.84000 0.07999
0.88000 0.05999
0.92000 0.03999
0.96000 0.02000
1.00000 0.00000
