0.0000 1.0000
0.0100 0.9998
0.0200 0.9992
0.0300 0.9982
0.0400 0.9968
0.0500 0.9950
0.0600 0.9929
0.0700 0.9903
0.0800 0.9873
0.0900 0.9840
0.1000 0.9803
0.1100 0.9762
0.1200 0.9717
0.1300 0.9668
0.1400 0.9616
0.1500 0.9560
0.1600 0.9500
0.1700 0.9437
0.1800 0.9370
0.1900 0.9300
0.2000 0.9226
0.2100 0.9149
0.2200 0.9068
0.2300 0.8984
0.2400 0.8896
0.2500 0.8806
0.2600 0.8712
0.2700 0.8615
0.2800 0.8514
0.2900 0.8411
0.3000 0.8304
0.3100 0.8195
0.3200 0.8082
0.3300 0.7967
0.3400 0.7849
0.3500 0.7728
0.3600 0.7604
0.3700 0.7478
0.3800 0.7349
0.3900 0.7218
0.4000 0.7084
0.4100 0.6947
0.4200 0.6808
0.4300 0.6667
0.4400 0.6524
0.4500 0.6378
0.4600 0.6231
0.4700 0.6081
0.4800 0.5930
0.4900 0.5776
0.5000 0.5621
0.5100 0.5464
0.5200 0.5305
0.5300 0.5144
0.5400 0.4982
0.5500 0.4818
0.5600 0.4653
0.5700 0.4487
0.5800 0.4319
0.5900 0.4150
0.6000 0.3980
0.6100 0.3809
0.6200 0.3637
0.6300 0.3464
0.6400 0.3290
0.6500 0.3115
0.6600 0.2940
0.6700 0.2764
0.6800 0.2587
0.6900 0.2410
0.7000 0.2232
0.7100 0.2054
0.7200 0.1876
0.7300 0.1697
0.7400 0.1519
0.7500 0.1340
0.7600 0.1161
0.7700 0.0983
0.7800 0.0804
0.7900 0.0626
0.8000 0.0448
0.8100 0.0270
0.8200 0.0093
0.8300 -0.0084
0.8400 -0.0260
0.8500 -0.0435
0.8600 -0.0610
0.8700 -0.0784
0.8800 -0.0958
0.8900 -0.1130
0.9000 -0.1301
0.9100 -0.1472
0.9200 -0.1641
0.9300 -0.1809
0.9400 -0.1976
0.9500 -0.2141
0.9600 -0.2305
0.9700 -0.2468
0.9800 -0.2630
0.9900 -0.2789
1.0000 -0.2948
1.0100 -0.3104
1.0200 -0.3259
1.0300 -0.3412
1.0400 -0.3563
1.0500 -0.3713
1.0600 -0.3860
1.0700 -0.4005
1.0800 -0.4149
1.0900 -0.4290
1.1000 -0.4429
1.1100 -0.4566
1.1200 -0.4701
1.1300 -0.4834
1.1400 -0.4964
1.1500 -0.5092
1.1600 -0.5217
1.1700 -0.5340
1.1800 -0.5460
1.1900 -0.5578
1.2000 -0.5693
1.2100 -0.5806
1.2200 -0.5916
1.2300 -0.6024
1.2400 -0.6128
1.2500 -0.6230
1.2600 -0.6329
1.2700 -0.6425
1.2800 -0.6519
1.2900 -0.6609
1.3000 -0.6697
1.3100 -0.6781
1.3200 -0.6863
1.3300 -0.6942
1.3400 -0.7017
1.3500 -0.7090
1.3600 -0.7160
1.3700 -0.7226
1.3800 -0.7290
1.3900 -0.7350
1.4000 -0.7407
1.4100 -0.7461
1.4200 -0.7512
1.4300 -0.7560
1.4400 -0.7605
1.4500 -0.7646
1.4600 -0.7684
1.4700 -0.7719
1.4800 -0.7751
1.4900 -0.7780
1.5000 -0.7806
1.5100 -0.7828
1.5200 -0.7847
1.5300 -0.7863
1.5400 -0.7876
1.5500 -0.7885
1.5600 -0.7892
1.5700 -0.7895
1.5800 -0.7895
1.5900 -0.7892
1.6000 -0.7886
1.6100 -0.7877
1.6200 -0.7864
1.6300 -0.7848
1.6400 -0.7830
1.6500 -0.7808
1.6600 -0.7783
1.6700 -0.7755
1.6800 -0.7725
1.6900 -0.7691
1.7000 -0.7654
1.7100 -0.7614
1.7200 -0.7572
1.7300 -0.7526
1.7400 -0.7478
1.7500 -0.7426
1.7600 -0.7372
1.7700 -0.7315
1.7800 -0.7256
1.7900 -0.7193
1.8000 -0.7128
1.8100 -0.7061
1.8200 -0.6990
1.8300 -0.6918
1.8400 -0.6842
1.8500 -0.6764
1.8600 -0.6684
1.8700 -0.6601
1.8800 -0.6516
1.8900 -0.6428
1.9000 -0.6338
1.9100 -0.6246
1.9200 -0.6152
1.9300 -0.6055
1.9400 -0.5957
1.9500 -0.5856
1.9600 -0.5753
1.9700 -0.5648
1.9800 -0.5542
1.9900 -0.5433
2.0000 -0.5323
2.0100 -0.5210
2.0200 -0.5096
2.0300 -0.4981
2.0400 -0.4864
2.0500 -0.4745
2.0600 -0.4624
2.0700 -0.4502
2.0800 -0.4379
2.0900 -0.4254
2.1000 -0.4128
2.1100 -0.4001
2.1200 -0.3872
2.1300 -0.3742
2.1400 -0.3612
2.1500 -0.3480
2.1600 -0.3347
2.1700 -0.3213
2.1800 -0.3078
2.1900 -0.2943
2.2000 -0.2807
2.2100 -0.2670
2.2200 -0.2532
2.2300 -0.2394
2.2400 -0.2255
2.2500 -0.2116
2.2600 -0.1976
2.2700 -0.1836
2.2800 -0.1695
2.2900 -0.1555
2.3000 -0.1414
2.3100 -0.1273
2.3200 -0.1132
2.3300 -0.0991
2.3400 -0.0850
2.3500 -0.0709
2.3600 -0.0568
2.3700 -0.0427
2.3800 -0.0287
2.3900 -0.0147
2.4000 -0.0007
2.4100 0.0132
2.4200 0.0271
2.4300 0.0410
2.4400 0.0547
2.4500 0.0685
2.4600 0.0821
2.4700 0.0957
2.4800 0.1092
2.4900 0.1226
2.5000 0.1359
2.5100 0.1491
2.5200 0.1622
2.5300 0.1753
2.5400 0.1882
2.5500 0.2010
2.5600 0.2136
2.5700 0.2262
2.5800 0.2386
2.5900 0.2509
2.6000 0.2631
2.6100 0.2751
2.6200 0.2870
2.6300 0.2987
2.6400 0.3103
2.6500 0.3217
2.6600 0.3329
2.6700 0.3440
2.6800 0.3549
2.6900 0.3656
2.7000 0.3762
2.7100 0.3866
2.7200 0.3968
2.7300 0.4068
2.7400 0.4166
2.7500 0.4262
2.7600 0.4356
2.7700 0.4448
2.7800 0.4538
2.7900 0.4626
2.8000 0.4712
2.8100 0.4796
2.8200 0.4877
2.8300 0.4956
2.8400 0.5034
2.8500 0.5108
2.8600 0.5181
2.8700 0.5251
2.8800 0.5320
2.8900 0.5385
2.9000 0.5449
2.9100 0.5510
2.9200 0.5568
2.9300 0.5624
2.9400 0.5678
2.9500 0.5730
2.9600 0.5779
2.9700 0.5825
2.9800 0.5869
2.9900 0.5911
3.0000 0.5950
3.0100 0.5986
3.0200 0.6020
3.0300 0.6052
3.0400 0.6081
3.0500 0.6107
3.0600 0.6131
3.0700 0.6153
3.0800 0.6172
3.0900 0.6188
3.1000 0.6202
3.1100 0.6213
3.1200 0.6222
3.1300 0.6229
3.1400 0.6233
3.1500 0.6234
3.1600 0.6233
3.1700 0.6229
3.1800 0.6223
3.1900 0.6215
3.2000 0.6204
3.2100 0.6190
3.2200 0.6174
3.2300 0.6156
3.2400 0.6135
3.2500 0.6112
3.2600 0.6087
3.2700 0.6059
3.2800 0.6029
3.2900 0.5996
3.3000 0.5961
3.3100 0.5924
3.3200 0.5885
3.3300 0.5843
3.3400 0.5800
3.3500 0.5754
3.3600 0.5706
3.3700 0.5655
3.3800 0.5603
3.3900 0.5549
3.4000 0.5492
3.4100 0.5434
3.4200 0.5373
3.4300 0.5311
3.4400 0.5246
3.4500 0.5180
3.4600 0.5112
3.4700 0.5042
3.4800 0.4970
3.4900 0.4896
3.5000 0.4821
3.5100 0.4744
3.5200 0.4665
3.5300 0.4585
3.5400 0.4503
3.5500 0.4420
3.5600 0.4335
3.5700 0.4248
3.5800 0.4161
3.5900 0.4071
3.6000 0.3981
3.6100 0.3889
3.6200 0.3795
3.6300 0.3701
3.6400 0.3605
3.6500 0.3508
3.6600 0.3411
3.6700 0.3312
3.6800 0.3212
3.6900 0.3111
3.7000 0.3009
3.7100 0.2906
3.7200 0.2802
3.7300 0.2698
3.7400 0.2592
3.7500 0.2486
3.7600 0.2380
3.7700 0.2272
3.7800 0.2164
3.7900 0.2056
3.8000 0.1947
3.8100 0.1838
3.8200 0.1728
3.8300 0.1618
3.8400 0.1507
3.8500 0.1397
3.8600 0.1286
3.8700 0.1175
3.8800 0.1063
3.8900 0.0952
3.9000 0.0841
3.9100 0.0729
3.9200 0.0618
3.9300 0.0506
3.9400 0.0395
3.9500 0.0284
3.9600 0.0174
3.9700 0.0063
3.9800 -0.0047
3.9900 -0.0157
4.0000 -0.0266
4.0100 -0.0375
4.0200 -0.0484
4.0300 -0.0592
4.0400 -0.0699
4.0500 -0.0806
4.0600 -0.0912
4.0700 -0.1018
4.0800 -0.1123
4.0900 -0.1227
4.1000 -0.1330
4.1100 -0.1432
4.1200 -0.1534
4.1300 -0.1635
4.1400 -0.1734
4.1500 -0.1833
4.1600 -0.1931
4.1700 -0.2027
4.1800 -0.2123
4.1900 -0.2217
4.2000 -0.2310
4.2100 -0.2402
4.2200 -0.2493
4.2300 -0.2582
4.2400 -0.2670
4.2500 -0.2757
4.2600 -0.2843
4.2700 -0.2927
4.2800 -0.3009
4.2900 -0.3091
4.3000 -0.3170
4.3100 -0.3249
4.3200 -0.3325
4.3300 -0.3400
4.3400 -0.3474
4.3500 -0.3546
4.3600 -0.3616
4.3700 -0.3685
4.3800 -0.3752
4.3900 -0.3817
4.4000 -0.3881
4.4100 -0.3943
4.4200 -0.4003
4.4300 -0.4061
4.4400 -0.4117
4.4500 -0.4172
4.4600 -0.4225
4.4700 -0.4276
4.4800 -0.4325
4.4900 -0.4372
4.5000 -0.4418
4.5100 -0.4461
4.5200 -0.4503
4.5300 -0.4542
4.5400 -0.4580
4.5500 -0.4616
4.5600 -0.4650
4.5700 -0.4682
4.5800 -0.4712
4.5900 -0.4739
4.6000 -0.4765
4.6100 -0.4789
4.6200 -0.4811
4.6300 -0.4831
4.6400 -0.4849
4.6500 -0.4865
4.6600 -0.4879
4.6700 -0.4891
4.6800 -0.4901
4.6900 -0.4909
4.7000 -0.4916
4.7100 -0.4920
4.7200 -0.4922
4.7300 -0.4922
4.7400 -0.4920
4.7500 -0.4916
4.7600 -0.4911
4.7700 -0.4903
4.7800 -0.4893
4.7900 -0.4882
4.8000 -0.4868
4.8100 -0.4853
4.8200 -0.4836
4.8300 -0.4816
4.8400 -0.4795
4.8500 -0.4773
4.8600 -0.4748
4.8700 -0.4721
4.8800 -0.4693
4.8900 -0.4663
4.9000 -0.4631
4.9100 -0.4597
4.9200 -0.4562
4.9300 -0.4525
4.9400 -0.4486
4.9500 -0.4446
4.9600 -0.4404
4.9700 -0.4360
4.9800 -0.4315
4.9900 -0.4268
5.0000 -0.4219
5.0100 -0.4169
5.0200 -0.4117
5.0300 -0.4064
5.0400 -0.4010
5.0500 -0.3954
5.0600 -0.3897
5.0700 -0.3838
5.0800 -0.3778
5.0900 -0.3716
5.1000 -0.3654
5.1100 -0.3590
5.1200 -0.3524
5.1300 -0.3458
5.1400 -0.3390
5.1500 -0.3321
5.1600 -0.3251
5.1700 -0.3180
5.1800 -0.3108
5.1900 -0.3035
5.2000 -0.2961
5.2100 -0.2886
5.2200 -0.2810
5.2300 -0.2733
5.2400 -0.2656
5.2500 -0.2577
5.2600 -0.2498
5.2700 -0.2418
5.2800 -0.2337
5.2900 -0.2255
5.3000 -0.2173
5.3100 -0.2090
5.3200 -0.2007
5.3300 -0.1923
5.3400 -0.1839
5.3500 -0.1754
5.3600 -0.1668
5.3700 -0.1582
5.3800 -0.1496
5.3900 -0.1410
5.4000 -0.1323
5.4100 -0.1236
5.4200 -0.1148
5.4300 -0.1061
5.4400 -0.0973
5.4500 -0.0886
5.4600 -0.0798
5.4700 -0.0710
5.4800 -0.0622
5.4900 -0.0534
5.5000 -0.0446
5.5100 -0.0358
5.5200 -0.0270
5.5300 -0.0183
5.5400 -0.0095
5.5500 -0.0008
5.5600 0.0079
5.5700 0.0165
5.5800 0.0251
5.5900 0.0337
5.6000 0.0423
5.6100 0.0508
5.6200 0.0592
5.6300 0.0677
5.6400 0.0760
5.6500 0.0843
5.6600 0.0926
5.6700 0.1008
5.6800 0.1089
5.6900 0.1169
5.7000 0.1249
5.7100 0.1328
5.7200 0.1407
5.7300 0.1484
5.7400 0.1561
5.7500 0.1637
5.7600 0.1712
5.7700 0.1786
5.7800 0.1859
5.7900 0.1931
5.8000 0.2002
5.8100 0.2072
5.8200 0.2141
5.8300 0.2209
5.8400 0.2276
5.8500 0.2342
5.8600 0.2407
5.8700 0.2470
5.8800 0.2533
5.8900 0.2594
5.9000 0.2654
5.9100 0.2713
5.9200 0.2770
5.9300 0.2826
5.9400 0.2881
5.9500 0.2935
5.9600 0.2987
5.9700 0.3038
5.9800 0.3088
5.9900 0.3136
6.0000 0.3182
6.0100 0.3228
6.0200 0.3272
6.0300 0.3314
6.0400 0.3355
6.0500 0.3395
6.0600 0.3433
6.0700 0.3470
6.0800 0.3505
6.0900 0.3538
6.1000 0.3570
6.1100 0.3601
6.1200 0.3630
6.1300 0.3657
6.1400 0.3683
6.1500 0.3708
6.1600 0.3731
6.1700 0.3752
6.1800 0.3772
6.1900 0.3790
6.2000 0.3807
6.2100 0.3822
6.2200 0.3835
6.2300 0.3847
6.2400 0.3857
6.2500 0.3866
6.2600 0.3873
6.2700 0.3879
6.2800 0.3883
6.2900 0.3885
6.3000 0.3886
6.3100 0.3886
6.3200 0.3883
6.3300 0.3880
6.3400 0.3874
6.3500 0.3868
6.3600 0.3859
6.3700 0.3849
6.3800 0.3838
6.3900 0.3825
6.4000 0.3811
6.4100 0.3795
6.4200 0.3778
6.4300 0.3759
6.4400 0.3739
6.4500 0.3717
6.4600 0.3694
6.4700 0.3670
6.4800 0.3644
6.4900 0.3617
6.5000 0.3588
6.5100 0.3558
6.5200 0.3527
6.5300 0.3494
6.5400 0.3461
6.5500 0.3425
6.5600 0.3389
6.5700 0.3351
6.5800 0.3313
6.5900 0.3272
6.6000 0.3231
6.6100 0.3189
6.6200 0.3145
6.6300 0.3100
6.6400 0.3055
6.6500 0.3008
6.6600 0.2960
6.6700 0.2911
6.6800 0.2861
6.6900 0.2810
6.7000 0.2758
6.7100 0.2705
6.7200 0.2651
6.7300 0.2596
6.7400 0.2541
6.7500 0.2484
6.7600 0.2427
6.7700 0.2369
6.7800 0.2310
6.7900 0.2250
6.8000 0.2190
6.8100 0.2129
6.8200 0.2067
6.8300 0.2005
6.8400 0.1942
6.8500 0.1879
6.8600 0.1814
6.8700 0.1750
6.8800 0.1685
6.8900 0.1619
6.9000 0.1553
6.9100 0.1487
6.9200 0.1420
6.9300 0.1352
6.9400 0.1285
6.9500 0.1217
6.9600 0.1149
6.9700 0.1080
6.9800 0.1012
6.9900 0.0943
7.0000 0.0874
7.0100 0.0805
7.0200 0.0735
7.0300 0.0666
7.0400 0.0597
7.0500 0.0527
7.0600 0.0458
7.0700 0.0388
7.0800 0.0319
7.0900 0.0250
7.1000 0.0180
7.1100 0.0111
7.1200 0.0043
7.1300 -0.0026
7.1400 -0.0095
7.1500 -0.0163
7.1600 -0.0231
7.1700 -0.0299
7.1800 -0.0366
7.1900 -0.0433
7.2000 -0.0500
7.2100 -0.0566
7.2200 -0.0632
7.2300 -0.0697
7.2400 -0.0762
7.2500 -0.0826
7.2600 -0.0890
7.2700 -0.0953
7.2800 -0.1016
7.2900 -0.1078
7.3000 -0.1140
7.3100 -0.1201
7.3200 -0.1261
7.3300 -0.1320
7.3400 -0.1379
7.3500 -0.1437
7.3600 -0.1495
7.3700 -0.1551
7.3800 -0.1607
7.3900 -0.1662
7.4000 -0.1716
7.4100 -0.1770
7.4200 -0.1822
7.4300 -0.1874
7.4400 -0.1924
7.4500 -0.1974
7.4600 -0.2023
7.4700 -0.2071
7.4800 -0.2118
7.4900 -0.2164
7.5000 -0.2209
7.5100 -0.2252
7.5200 -0.2295
7.5300 -0.2337
7.5400 -0.2378
7.5500 -0.2417
7.5600 -0.2456
7.5700 -0.2494
7.5800 -0.2530
7.5900 -0.2565
7.6000 -0.2599
7.6100 -0.2632
7.6200 -0.2664
7.6300 -0.2695
7.6400 -0.2724
7.6500 -0.2753
7.6600 -0.2780
7.6700 -0.2806
7.6800 -0.2831
7.6900 -0.2854
7.7000 -0.2877
7.7100 -0.2898
7.7200 -0.2918
7.7300 -0.2936
7.7400 -0.2954
7.7500 -0.2970
7.7600 -0.2985
7.7700 -0.2999
7.7800 -0.3011
7.7900 -0.3023
7.8000 -0.3033
7.8100 -0.3041
7.8200 -0.3049
7.8300 -0.3055
7.8400 -0.3060
7.8500 -0.3064
7.8600 -0.3067
7.8700 -0.3068
7.8800 -0.3068
7.8900 -0.3067
7.9000 -0.3065
7.9100 -0.3061
7.9200 -0.3057
7.9300 -0.3051
7.9400 -0.3044
7.9500 -0.3035
7.9600 -0.3026
7.9700 -0.3015
7.9800 -0.3003
7.9900 -0.2990
8.0000 -0.2976
8.0100 -0.2961
8.0200 -0.2944
8.0300 -0.2927
8.0400 -0.2908
8.0500 -0.2888
8.0600 -0.2867
8.0700 -0.2845
8.0800 -0.2822
8.0900 -0.2798
8.1000 -0.2773
8.1100 -0.2746
8.1200 -0.2719
8.1300 -0.2691
8.1400 -0.2662
8.1500 -0.2632
8.1600 -0.2600
8.1700 -0.2568
8.1800 -0.2535
8.1900 -0.2501
8.2000 -0.2467
8.2100 -0.2431
8.2200 -0.2394
8.2300 -0.2357
8.2400 -0.2319
8.2500 -0.2279
8.2600 -0.2240
8.2700 -0.2199
8.2800 -0.2158
8.2900 -0.2115
8.3000 -0.2073
8.3100 -0.2029
8.3200 -0.1985
8.3300 -0.1940
8.3400 -0.1894
8.3500 -0.1848
8.3600 -0.1801
8.3700 -0.1754
8.3800 -0.1706
8.3900 -0.1658
8.4000 -0.1609
8.4100 -0.1559
8.4200 -0.1509
8.4300 -0.1459
8.4400 -0.1408
8.4500 -0.1357
8.4600 -0.1305
8.4700 -0.1254
8.4800 -0.1201
8.4900 -0.1149
8.5000 -0.1096
8.5100 -0.1042
8.5200 -0.0989
8.5300 -0.0935
8.5400 -0.0881
8.5500 -0.0827
8.5600 -0.0773
8.5700 -0.0719
8.5800 -0.0664
8.5900 -0.0609
8.6000 -0.0555
8.6100 -0.0500
8.6200 -0.0445
8.6300 -0.0390
8.6400 -0.0335
8.6500 -0.0280
8.6600 -0.0226
8.6700 -0.0171
8.6800 -0.0116
8.6900 -0.0062
8.7000 -0.0008
8.7100 0.0046
8.7200 0.0100
8.7300 0.0154
8.7400 0.0208
8.7500 0.0261
8.7600 0.0314
8.7700 0.0367
8.7800 0.0419
8.7900 0.0471
8.8000 0.0523
8.8100 0.0575
8.8200 0.0626
8.8300 0.0676
8.8400 0.0727
8.8500 0.0776
8.8600 0.0826
8.8700 0.0875
8.8800 0.0923
8.8900 0.0971
8.9000 0.1018
8.9100 0.1065
8.9200 0.1111
8.9300 0.1157
8.9400 0.1202
8.9500 0.1246
8.9600 0.1290
8.9700 0.1333
8.9800 0.1375
8.9900 0.1417
9.0000 0.1458
9.0100 0.1499
9.0200 0.1538
9.0300 0.1577
9.0400 0.1615
9.0500 0.1653
9.0600 0.1689
9.0700 0.1725
9.0800 0.1760
9.0900 0.1795
9.1000 0.1828
9.1100 0.1861
9.1200 0.1892
9.1300 0.1923
9.1400 0.1953
9.1500 0.1983
9.1600 0.2011
9.1700 0.2038
9.1800 0.2065
9.1900 0.2090
9.2000 0.2115
9.2100 0.2139
9.2200 0.2162
9.2300 0.2184
9.2400 0.2205
9.2500 0.2225
9.2600 0.2244
9.2700 0.2262
9.2800 0.2279
9.2900 0.2296
9.3000 0.2311
9.3100 0.2325
9.3200 0.2338
9.3300 0.2351
9.3400 0.2362
9.3500 0.2373
9.3600 0.2382
9.3700 0.2390
9.3800 0.2398
9.3900 0.2404
9.4000 0.2410
9.4100 0.2414
9.4200 0.2418
9.4300 0.2420
9.4400 0.2422
9.4500 0.2423
9.4600 0.2422
9.4700 0.2421
9.4800 0.2419
9.4900 0.2415
9.5000 0.2411
9.5100 0.2406
9.5200 0.2400
9.5300 0.2393
9.5400 0.2385
9.5500 0.2376
9.5600 0.2366
9.5700 0.2356
9.5800 0.2344
9.5900 0.2331
9.6000 0.2318
9.6100 0.2304
9.6200 0.2289
9.6300 0.2272
9.6400 0.2256
9.6500 0.2238
9.6600 0.2219
9.6700 0.2200
9.6800 0.2179
9.6900 0.2158
9.7000 0.2136
9.7100 0.2114
9.7200 0.2090
9.7300 0.2066
9.7400 0.2041
9.7500 0.2016
9.7600 0.1989
9.7700 0.1962
9.7800 0.1934
9.7900 0.1906
9.8000 0.1876
9.8100 0.1847
9.8200 0.1816
9.8300 0.1785
9.8400 0.1753
9.8500 0.1721
9.8600 0.1688
9.8700 0.1654
9.8800 0.1620
9.8900 0.1585
9.9000 0.1550
9.9100 0.1515
9.9200 0.1478
9.9300 0.1442
9.9400 0.1405
9.9500 0.1367
9.9600 0.1329
9.9700 0.1291
9.9800 0.1252
9.9900 0.1212
10.0000 0.1173
10.0100 0.1133
10.0200 0.1093
10.0300 0.1052
10.0400 0.1011
10.0500 0.0970
10.0600 0.0929
10.0700 0.0887
10.0800 0.0845
10.0900 0.0803
10.1000 0.0761
10.1100 0.0718
10.1200 0.0676
10.1300 0.0633
10.1400 0.0590
10.1500 0.0547
10.1600 0.0504
10.1700 0.0460
10.1800 0.0417
10.1900 0.0374
10.2000 0.0331
10.2100 0.0287
10.2200 0.0244
10.2300 0.0201
10.2400 0.0158
10.2500 0.0115
10.2600 0.0071
10.2700 0.0029
10.2800 -0.0014
10.2900 -0.0057
10.3000 -0.0100
10.3100 -0.0142
10.3200 -0.0184
10.3300 -0.0226
10.3400 -0.0268
10.3500 -0.0309
10.3600 -0.0351
10.3700 -0.0392
10.3800 -0.0433
10.3900 -0.0473
10.4000 -0.0513
10.4100 -0.0553
10.4200 -0.0592
10.4300 -0.0632
10.4400 -0.0670
10.4500 -0.0709
10.4600 -0.0747
10.4700 -0.0784
10.4800 -0.0821
10.4900 -0.0858
10.5000 -0.0894
10.5100 -0.0930
10.5200 -0.0965
10.5300 -0.1000
10.5400 -0.1035
10.5500 -0.1068
10.5600 -0.1102
10.5700 -0.1134
10.5800 -0.1167
10.5900 -0.1198
10.6000 -0.1229
10.6100 -0.1260
10.6200 -0.1290
10.6300 -0.1319
10.6400 -0.1347
10.6500 -0.1375
10.6600 -0.1403
10.6700 -0.1430
10.6800 -0.1456
10.6900 -0.1481
10.7000 -0.1506
10.7100 -0.1530
10.7200 -0.1553
10.7300 -0.1576
10.7400 -0.1598
10.7500 -0.1619
10.7600 -0.1640
10.7700 -0.1660
10.7800 -0.1679
10.7900 -0.1698
10.8000 -0.1715
10.8100 -0.1732
10.8200 -0.1748
10.8300 -0.1764
10.8400 -0.1779
10.8500 -0.1793
10.8600 -0.1806
10.8700 -0.1818
10.8800 -0.1830
10.8900 -0.1841
10.9000 -0.1851
10.9100 -0.1860
10.9200 -0.1869
10.9300 -0.1877
10.9400 -0.1884
10.9500 -0.1890
10.9600 -0.1896
10.9700 -0.1901
10.9800 -0.1904
10.9900 -0.1908
11.0000 -0.1910
11.0100 -0.1912
11.0200 -0.1913
11.0300 -0.1913
11.0400 -0.1912
11.0500 -0.1911
11.0600 -0.1909
11.0700 -0.1906
11.0800 -0.1902
11.0900 -0.1898
11.1000 -0.1892
11.1100 -0.1887
11.1200 -0.1880
11.1300 -0.1873
11.1400 -0.1864
11.1500 -0.1856
11.1600 -0.1846
11.1700 -0.1836
11.1800 -0.1825
11.1900 -0.1813
11.2000 -0.1801
11.2100 -0.1788
11.2200 -0.1774
11.2300 -0.1760
11.2400 -0.1745
11.2500 -0.1729
11.2600 -0.1713
11.2700 -0.1696
11.2800 -0.1678
11.2900 -0.1660
11.3000 -0.1641
11.3100 -0.1622
11.3200 -0.1602
11.3300 -0.1581
11.3400 -0.1560
11.3500 -0.1539
11.3600 -0.1516
11.3700 -0.1494
11.3800 -0.1470
11.3900 -0.1446
11.4000 -0.1422
11.4100 -0.1397
11.4200 -0.1372
11.4300 -0.1346
11.4400 -0.1320
11.4500 -0.1293
11.4600 -0.1266
11.4700 -0.1239
11.4800 -0.1211
11.4900 -0.1182
11.5000 -0.1154
11.5100 -0.1124
11.5200 -0.1095
11.5300 -0.1065
11.5400 -0.1035
11.5500 -0.1004
11.5600 -0.0974
11.5700 -0.0942
11.5800 -0.0911
11.5900 -0.0879
11.6000 -0.0848
11.6100 -0.0815
11.6200 -0.0783
11.6300 -0.0750
11.6400 -0.0718
11.6500 -0.0685
11.6600 -0.0651
11.6700 -0.0618
11.6800 -0.0585
11.6900 -0.0551
11.7000 -0.0517
11.7100 -0.0483
11.7200 -0.0449
11.7300 -0.0415
11.7400 -0.0381
11.7500 -0.0347
11.7600 -0.0313
11.7700 -0.0279
11.7800 -0.0245
11.7900 -0.0211
11.8000 -0.0176
11.8100 -0.0142
11.8200 -0.0108
11.8300 -0.0074
11.8400 -0.0040
11.8500 -0.0006
11.8600 0.0027
11.8700 0.0061
11.8800 0.0095
11.8900 0.0128
11.9000 0.0161
11.9100 0.0194
11.9200 0.0227
11.9300 0.0260
11.9400 0.0292
11.9500 0.0325
11.9600 0.0357
11.9700 0.0389
11.9800 0.0420
11.9900 0.0452
12.0000 0.0483
12.0100 0.0513
12.0200 0.0544
12.0300 0.0574
12.0400 0.0604
12.0500 0.0633
12.0600 0.0662
12.0700 0.0691
12.0800 0.0720
12.0900 0.0748
12.1000 0.0775
12.1100 0.0803
12.1200 0.0830
12.1300 0.0856
12.1400 0.0882
12.1500 0.0908
12.1600 0.0933
12.1700 0.0958
12.1800 0.0982
12.1900 0.1006
12.2000 0.1029
12.2100 0.1052
12.2200 0.1075
12.2300 0.1096
12.2400 0.1118
12.2500 0.1139
12.2600 0.1159
12.2700 0.1179
12.2800 0.1198
12.2900 0.1217
12.3000 0.1235
12.3100 0.1253
12.3200 0.1270
12.3300 0.1286
12.3400 0.1302
12.3500 0.1318
12.3600 0.1333
12.3700 0.1347
12.3800 0.1361
12.3900 0.1374
12.4000 0.1386
12.4100 0.1398
12.4200 0.1410
12.4300 0.1420
12.4400 0.1431
12.4500 0.1440
12.4600 0.1449
12.4700 0.1457
12.4800 0.1465
12.4900 0.1472
12.5000 0.1479
12.5100 0.1485
12.5200 0.1490
12.5300 0.1495
12.5400 0.1499
12.5500 0.1502
12.5600 0.1505
12.5700 0.1507
12.5800 0.1509
12.5900 0.1510
12.6000 0.1510
12.6100 0.1510
12.6200 0.1509
12.6300 0.1508
12.6400 0.1506
12.6500 0.1503
12.6600 0.1500
12.6700 0.1496
12.6800 0.1492
12.6900 0.1487
12.7000 0.1482
12.7100 0.1475
12.7200 0.1469
12.7300 0.1462
12.7400 0.1454
12.7500 0.1445
12.7600 0.1437
12.7700 0.1427
12.7800 0.1417
12.7900 0.1407
12.8000 0.1396
12.8100 0.1384
12.8200 0.1372
12.8300 0.1359
12.8400 0.1346
12.8500 0.1333
12.8600 0.1318
12.8700 0.1304
12.8800 0.1289
12.8900 0.1273
12.9000 0.1257
12.9100 0.1241
12.9200 0.1224
12.9300 0.1207
12.9400 0.1189
12.9500 0.1171
12.9600 0.1152
12.9700 0.1133
12.9800 0.1114
12.9900 0.1094
13.0000 0.1074
13.0100 0.1053
13.0200 0.1032
13.0300 0.1011
13.0400 0.0989
13.0500 0.0967
13.0600 0.0945
13.0700 0.0923
13.0800 0.0900
13.0900 0.0877
13.1000 0.0853
13.1100 0.0830
13.1200 0.0806
13.1300 0.0781
13.1400 0.0757
13.1500 0.0732
13.1600 0.0707
13.1700 0.0682
13.1800 0.0657
13.1900 0.0632
13.2000 0.0606
13.2100 0.0580
13.2200 0.0554
13.2300 0.0528
13.2400 0.0502
13.2500 0.0475
13.2600 0.0449
13.2700 0.0422
13.2800 0.0396
13.2900 0.0369
13.3000 0.0342
13.3100 0.0315
13.3200 0.0288
13.3300 0.0261
13.3400 0.0234
13.3500 0.0207
13.3600 0.0180
13.3700 0.0153
13.3800 0.0126
13.3900 0.0100
13.4000 0.0073
13.4100 0.0046
13.4200 0.0019
13.4300 -0.0008
13.4400 -0.0034
13.4500 -0.0061
13.4600 -0.0087
13.4700 -0.0114
13.4800 -0.0140
13.4900 -0.0166
13.5000 -0.0192
13.5100 -0.0217
13.5200 -0.0243
13.5300 -0.0268
13.5400 -0.0294
13.5500 -0.0319
13.5600 -0.0344
13.5700 -0.0368
13.5800 -0.0393
13.5900 -0.0417
13.6000 -0.0441
13.6100 -0.0464
13.6200 -0.0488
13.6300 -0.0511
13.6400 -0.0534
13.6500 -0.0557
13.6600 -0.0579
13.6700 -0.0601
13.6800 -0.0623
13.6900 -0.0644
13.7000 -0.0665
13.7100 -0.0686
13.7200 -0.0706
13.7300 -0.0726
13.7400 -0.0746
13.7500 -0.0765
13.7600 -0.0784
13.7700 -0.0803
13.7800 -0.0821
13.7900 -0.0839
13.8000 -0.0857
13.8100 -0.0874
13.8200 -0.0890
13.8300 -0.0907
13.8400 -0.0923
13.8500 -0.0938
13.8600 -0.0953
13.8700 -0.0968
13.8800 -0.0982
13.8900 -0.0996
13.9000 -0.1009
13.9100 -0.1022
13.9200 -0.1034
13.9300 -0.1046
13.9400 -0.1058
13.9500 -0.1069
13.9600 -0.1079
13.9700 -0.1090
13.9800 -0.1099
13.9900 -0.1108
14.0000 -0.1117
14.0100 -0.1125
14.0200 -0.1133
14.0300 -0.1140
14.0400 -0.1147
14.0500 -0.1154
14.0600 -0.1160
14.0700 -0.1165
14.0800 -0.1170
14.0900 -0.1174
14.1000 -0.1178
14.1100 -0.1182
14.1200 -0.1185
14.1300 -0.1187
14.1400 -0.1189
14.1500 -0.1191
14.1600 -0.1192
14.1700 -0.1192
14.1800 -0.1192
14.1900 -0.1192
14.2000 -0.1191
14.2100 -0.1190
14.2200 -0.1188
14.2300 -0.1186
14.2400 -0.1183
14.2500 -0.1180
14.2600 -0.1176
14.2700 -0.1172
14.2800 -0.1168
14.2900 -0.1163
14.3000 -0.1157
14.3100 -0.1151
14.3200 -0.1145
14.3300 -0.1138
14.3400 -0.1131
14.3500 -0.1123
14.3600 -0.1115
14.3700 -0.1106
14.3800 -0.1098
14.3900 -0.1088
14.4000 -0.1078
14.4100 -0.1068
14.4200 -0.1058
14.4300 -0.1047
14.4400 -0.1036
14.4500 -0.1024
14.4600 -0.1012
14.4700 -0.0999
14.4800 -0.0987
14.4900 -0.0973
14.5000 -0.0960
14.5100 -0.0946
14.5200 -0.0932
14.5300 -0.0917
14.5400 -0.0902
14.5500 -0.0887
14.5600 -0.0872
14.5700 -0.0856
14.5800 -0.0840
14.5900 -0.0824
14.6000 -0.0807
14.6100 -0.0790
14.6200 -0.0773
14.6300 -0.0756
14.6400 -0.0738
14.6500 -0.0720
14.6600 -0.0702
14.6700 -0.0683
14.6800 -0.0665
14.6900 -0.0646
14.7000 -0.0627
14.7100 -0.0608
14.7200 -0.0588
14.7300 -0.0569
14.7400 -0.0549
14.7500 -0.0529
14.7600 -0.0509
14.7700 -0.0489
14.7800 -0.0469
14.7900 -0.0448
14.8000 -0.0428
14.8100 -0.0407
14.8200 -0.0386
14.8300 -0.0365
14.8400 -0.0344
14.8500 -0.0323
14.8600 -0.0302
14.8700 -0.0281
14.8800 -0.0260
14.8900 -0.0239
14.9000 -0.0218
14.9100 -0.0196
14.9200 -0.0175
14.9300 -0.0154
14.9400 -0.0132
14.9500 -0.0111
14.9600 -0.0090
14.9700 -0.0068
14.9800 -0.0047
14.9900 -0.0026
15.0000 -0.0005
15.0100 0.0016
15.0200 0.0037
15.0300 0.0058
15.0400 0.0079
15.0500 0.0100
15.0600 0.0120
15.0700 0.0141
15.0800 0.0161
15.0900 0.0181
15.1000 0.0201
15.1100 0.0221
15.1200 0.0241
15.1300 0.0261
15.1400 0.0281
15.1500 0.0300
15.1600 0.0319
15.1700 0.0338
15.1800 0.0357
15.1900 0.0376
15.2000 0.0394
15.2100 0.0412
15.2200 0.0430
15.2300 0.0448
15.2400 0.0465
15.2500 0.0483
15.2600 0.0500
15.2700 0.0516
15.2800 0.0533
15.2900 0.0549
15.3000 0.0565
15.3100 0.0581
15.3200 0.0596
15.3300 0.0612
15.3400 0.0626
15.3500 0.0641
15.3600 0.0655
15.3700 0.0669
15.3800 0.0683
15.3900 0.0696
15.4000 0.0709
15.4100 0.0722
15.4200 0.0734
15.4300 0.0746
15.4400 0.0758
15.4500 0.0769
15.4600 0.0780
15.4700 0.0791
15.4800 0.0802
15.4900 0.0812
15.5000 0.0821
15.5100 0.0830
15.5200 0.0839
15.5300 0.0848
15.5400 0.0856
15.5500 0.0864
15.5600 0.0871
15.5700 0.0878
15.5800 0.0885
15.5900 0.0892
15.6000 0.0897
15.6100 0.0903
15.6200 0.0908
15.6300 0.0913
15.6400 0.0918
15.6500 0.0922
15.6600 0.0925
15.6700 0.0929
15.6800 0.0932
15.6900 0.0934
15.7000 0.0936
15.7100 0.0938
15.7200 0.0940
15.7300 0.0941
15.7400 0.0941
15.7500 0.0942
15.7600 0.0941
15.7700 0.0941
15.7800 0.0940
15.7900 0.0939
15.8000 0.0937
15.8100 0.0935
15.8200 0.0933
15.8300 0.0930
15.8400 0.0927
15.8500 0.0924
15.8600 0.0920
15.8700 0.0916
15.8800 0.0911
15.8900 0.0907
15.9000 0.0901
15.9100 0.0896
15.9200 0.0890
15.9300 0.0884
15.9400 0.0877
15.9500 0.0870
15.9600 0.0863
15.9700 0.0856
15.9800 0.0848
15.9900 0.0840
16.0000 0.0831
16.0100 0.0822
16.0200 0.0813
16.0300 0.0804
16.0400 0.0794
16.0500 0.0784
16.0600 0.0774
16.0700 0.0763
16.0800 0.0753
16.0900 0.0742
16.1000 0.0730
16.1100 0.0719
16.1200 0.0707
16.1300 0.0695
16.1400 0.0682
16.1500 0.0670
16.1600 0.0657
16.1700 0.0644
16.1800 0.0631
16.1900 0.0617
16.2000 0.0604
16.2100 0.0590
16.2200 0.0576
16.2300 0.0562
16.2400 0.0547
16.2500 0.0533
16.2600 0.0518
16.2700 0.0503
16.2800 0.0488
16.2900 0.0473
16.3000 0.0457
16.3100 0.0442
16.3200 0.0426
16.3300 0.0410
16.3400 0.0394
16.3500 0.0378
16.3600 0.0362
16.3700 0.0346
16.3800 0.0330
16.3900 0.0314
16.4000 0.0297
16.4100 0.0281
16.4200 0.0264
16.4300 0.0247
16.4400 0.0231
16.4500 0.0214
16.4600 0.0197
16.4700 0.0181
16.4800 0.0164
16.4900 0.0147
16.5000 0.0130
16.5100 0.0113
16.5200 0.0096
16.5300 0.0080
16.5400 0.0063
16.5500 0.0046
16.5600 0.0029
16.5700 0.0013
16.5800 -0.0004
16.5900 -0.0021
16.6000 -0.0037
16.6100 -0.0054
16.6200 -0.0070
16.6300 -0.0086
16.6400 -0.0103
16.6500 -0.0119
16.6600 -0.0135
16.6700 -0.0151
16.6800 -0.0167
16.6900 -0.0182
16.7000 -0.0198
16.7100 -0.0213
16.7200 -0.0229
16.7300 -0.0244
16.7400 -0.0259
16.7500 -0.0274
16.7600 -0.0289
16.7700 -0.0303
16.7800 -0.0318
16.7900 -0.0332
16.8000 -0.0346
16.8100 -0.0360
16.8200 -0.0374
16.8300 -0.0387
16.8400 -0.0401
16.8500 -0.0414
16.8600 -0.0427
16.8700 -0.0440
16.8800 -0.0452
16.8900 -0.0465
16.9000 -0.0477
16.9100 -0.0488
16.9200 -0.0500
16.9300 -0.0511
16.9400 -0.0523
16.9500 -0.0534
16.9600 -0.0544
16.9700 -0.0555
16.9800 -0.0565
16.9900 -0.0575
17.0000 -0.0584
17.0100 -0.0594
17.0200 -0.0603
17.0300 -0.0612
17.0400 -0.0620
17.0500 -0.0629
17.0600 -0.0637
17.0700 -0.0644
17.0800 -0.0652
17.0900 -0.0659
17.1000 -0.0666
17.1100 -0.0673
17.1200 -0.0679
17.1300 -0.0685
17.1400 -0.0691
17.1500 -0.0696
17.1600 -0.0701
17.1700 -0.0706
17.1800 -0.0711
17.1900 -0.0715
17.2000 -0.0719
17.2100 -0.0723
17.2200 -0.0726
17.2300 -0.0729
17.2400 -0.0732
17.2500 -0.0734
17.2600 -0.0737
17.2700 -0.0738
17.2800 -0.0740
17.2900 -0.0741
17.3000 -0.0742
17.3100 -0.0743
17.3200 -0.0743
17.3300 -0.0743
17.3400 -0.0743
17.3500 -0.0743
17.3600 -0.0742
17.3700 -0.0741
17.3800 -0.0739
17.3900 -0.0738
17.4000 -0.0736
17.4100 -0.0733
17.4200 -0.0731
17.4300 -0.0728
17.4400 -0.0725
17.4500 -0.0721
17.4600 -0.0718
17.4700 -0.0714
17.4800 -0.0710
17.4900 -0.0705
17.5000 -0.0700
17.5100 -0.0695
17.5200 -0.0690
17.5300 -0.0684
17.5400 -0.0679
17.5500 -0.0673
17.5600 -0.0666
17.5700 -0.0660
17.5800 -0.0653
17.5900 -0.0646
17.6000 -0.0639
17.6100 -0.0631
17.6200 -0.0623
17.6300 -0.0615
17.6400 -0.0607
17.6500 -0.0599
17.6600 -0.0590
17.6700 -0.0581
17.6800 -0.0572
17.6900 -0.0563
17.7000 -0.0554
17.7100 -0.0544
17.7200 -0.0534
17.7300 -0.0524
17.7400 -0.0514
17.7500 -0.0504
17.7600 -0.0493
17.7700 -0.0482
17.7800 -0.0472
17.7900 -0.0460
17.8000 -0.0449
17.8100 -0.0438
17.8200 -0.0427
17.8300 -0.0415
17.8400 -0.0403
17.8500 -0.0391
17.8600 -0.0379
17.8700 -0.0367
17.8800 -0.0355
17.8900 -0.0343
17.9000 -0.0331
17.9100 -0.0318
17.9200 -0.0305
17.9300 -0.0293
17.9400 -0.0280
17.9500 -0.0267
17.9600 -0.0254
17.9700 -0.0241
17.9800 -0.0228
17.9900 -0.0215
18.0000 -0.0202
18.0100 -0.0189
18.0200 -0.0176
18.0300 -0.0163
18.0400 -0.0149
18.0500 -0.0136
18.0600 -0.0123
18.0700 -0.0110
18.0800 -0.0096
18.0900 -0.0083
18.1000 -0.0070
18.1100 -0.0057
18.1200 -0.0043
18.1300 -0.0030
18.1400 -0.0017
18.1500 -0.0004
18.1600 0.0009
18.1700 0.0023
18.1800 0.0036
18.1900 0.0049
18.2000 0.0061
18.2100 0.0074
18.2200 0.0087
18.2300 0.0100
18.2400 0.0112
18.2500 0.0125
18.2600 0.0137
18.2700 0.0150
18.2800 0.0162
18.2900 0.0174
18.3000 0.0186
18.3100 0.0198
18.3200 0.0210
18.3300 0.0222
18.3400 0.0234
18.3500 0.0245
18.3600 0.0256
18.3700 0.0268
18.3800 0.0279
18.3900 0.0290
18.4000 0.0300
18.4100 0.0311
18.4200 0.0321
18.4300 0.0332
18.4400 0.0342
18.4500 0.0352
18.4600 0.0362
18.4700 0.0371
18.4800 0.0381
18.4900 0.0390
18.5000 0.0399
18.5100 0.0408
18.5200 0.0417
18.5300 0.0425
18.5400 0.0434
18.5500 0.0442
18.5600 0.0450
18.5700 0.0457
18.5800 0.0465
18.5900 0.0472
18.6000 0.0479
18.6100 0.0486
18.6200 0.0493
18.6300 0.0499
18.6400 0.0506
18.6500 0.0512
18.6600 0.0517
18.6700 0.0523
18.6800 0.0528
18.6900 0.0533
18.7000 0.0538
18.7100 0.0543
18.7200 0.0547
18.7300 0.0552
18.7400 0.0556
18.7500 0.0559
18.7600 0.0563
18.7700 0.0566
18.7800 0.0569
18.7900 0.0572
18.8000 0.0574
18.8100 0.0577
18.8200 0.0579
18.8300 0.0581
18.8400 0.0582
18.8500 0.0584
18.8600 0.0585
18.8700 0.0586
18.8800 0.0586
18.8900 0.0587
18.9000 0.0587
18.9100 0.0587
18.9200 0.0587
18.9300 0.0586
18.9400 0.0585
18.9500 0.0584
18.9600 0.0583
18.9700 0.0582
18.9800 0.0580
18.9900 0.0578
19.0000 0.0576
19.0100 0.0574
19.0200 0.0571
19.0300 0.0568
19.0400 0.0565
19.0500 0.0562
19.0600 0.0559
19.0700 0.0555
19.0800 0.0551
19.0900 0.0547
19.1000 0.0543
19.1100 0.0538
19.1200 0.0534
19.1300 0.0529
19.1400 0.0524
19.1500 0.0518
19.1600 0.0513
19.1700 0.0507
19.1800 0.0501
19.1900 0.0495
19.2000 0.0489
19.2100 0.0483
19.2200 0.0476
19.2300 0.0470
19.2400 0.0463
19.2500 0.0456
19.2600 0.0448
19.2700 0.0441
19.2800 0.0433
19.2900 0.0426
19.3000 0.0418
19.3100 0.0410
19.3200 0.0402
19.3300 0.0394
19.3400 0.0385
19.3500 0.0377
19.3600 0.0368
19.3700 0.0359
19.3800 0.0351
19.3900 0.0342
19.4000 0.0332
19.4100 0.0323
19.4200 0.0314
19.4300 0.0305
19.4400 0.0295
19.4500 0.0286
19.4600 0.0276
19.4700 0.0266
19.4800 0.0256
19.4900 0.0246
19.5000 0.0236
19.5100 0.0226
19.5200 0.0216
19.5300 0.0206
19.5400 0.0196
19.5500 0.0186
19.5600 0.0175
19.5700 0.0165
19.5800 0.0155
19.5900 0.0144
19.6000 0.0134
19.6100 0.0123
19.6200 0.0113
19.6300 0.0103
19.6400 0.0092
19.6500 0.0082
19.6600 0.0071
19.6700 0.0061
19.6800 0.0050
19.6900 0.0040
19.7000 0.0029
19.7100 0.0019
19.7200 0.0008
19.7300 -0.0002
19.7400 -0.0012
19.7500 -0.0023
19.7600 -0.0033
19.7700 -0.0043
19.7800 -0.0053
19.7900 -0.0063
19.8000 -0.0074
19.8100 -0.0084
19.8200 -0.0094
19.8300 -0.0103
19.8400 -0.0113
19.8500 -0.0123
19.8600 -0.0133
19.8700 -0.0142
19.8800 -0.0152
19.8900 -0.0161
19.9000 -0.0170
19.9100 -0.0180
19.9200 -0.0189
19.9300 -0.0198
19.9400 -0.0207
19.9500 -0.0215
19.9600 -0.0224
19.9700 -0.0233
19.9800 -0.0241
19.9900 -0.0250
